              precision    recall  f1-score   support

           0     0.9435    0.9977    0.9698     11523
           1     0.7647    0.4000    0.5253       195
           2     1.0000    0.9921    0.9960       127
           4     0.0000    0.0000    0.0000       283
           5     0.7692    0.0336    0.0643       298
           6     0.9706    1.0000    0.9851        33

    accuracy                         0.9425     12459
   macro avg     0.7413    0.5706    0.5901     12459
weighted avg     0.9158    0.9425    0.9195     12459
